baseline 12
atlas 128 128
32 126 47 0 0 0 0 3.73033
33 112 47 2 10 1 -10 3.73033
34 82 58 5 4 0 -10 4.76617
35 83 13 8 11 0 -10 7.46722
36 16 1 7 13 0 -11 7.46722
37 63 1 12 11 0 -10 11.9384
38 63 13 9 11 0 -10 8.95542
39 88 58 2 4 0 -10 2.56337
40 46 1 4 13 0 -10 4.47115
41 51 1 4 13 0 -10 4.47115
42 76 58 5 5 0 -10 5.22509
43 27 58 8 7 0 -8 7.84091
44 91 58 2 4 1 -2 3.73033
45 103 58 5 3 0 -5 4.47115
46 1 59 2 2 1 -2 3.73033
47 64 25 4 11 0 -10 3.73033
48 25 15 7 11 0 -10 7.46722
49 93 47 5 10 1 -10 7.46722
50 77 47 7 10 0 -10 7.46722
51 120 1 7 11 0 -10 7.46722
52 69 37 7 10 0 -10 7.46722
53 41 15 7 11 0 -10 7.46722
54 117 13 7 11 0 -10 7.46722
55 9 38 7 10 0 -10 7.46722
56 9 15 7 11 0 -10 7.46722
57 17 15 7 11 0 -10 7.46722
58 73 48 2 7 1 -7 3.73033
59 123 47 2 9 1 -7 3.73033
60 9 58 8 7 0 -8 7.84091
61 67 58 8 5 0 -7 7.84091
62 18 58 8 7 0 -8 7.84091
63 1 38 7 10 0 -10 7.46722
64 1 1 14 13 0 -10 13.6298
65 105 25 10 10 -1 -10 8.95542
66 1 27 9 10 0 -10 8.95542
67 109 1 10 11 0 -10 9.69624
68 106 36 8 10 1 -10 9.69624
69 79 36 8 10 1 -10 8.95542
70 33 38 7 10 1 -10 8.20149
71 98 1 10 11 0 -10 10.4436
72 51 37 8 10 1 -10 9.69624
73 109 47 2 10 1 -10 3.73033
74 57 25 6 11 0 -10 6.71329
75 11 27 9 10 0 -10 8.95542
76 17 38 7 10 0 -10 7.46722
77 93 25 11 10 0 -10 11.1844
78 97 36 8 10 1 -10 9.69624
79 76 1 10 11 0 -10 10.4436
80 115 36 8 10 1 -10 8.95542
81 87 1 10 11 0 -10 10.4436
82 41 27 9 10 1 -10 9.69624
83 73 13 9 11 0 -10 8.95542
84 88 36 8 10 0 -10 8.20149
85 92 13 8 11 1 -10 9.69624
86 21 27 9 10 0 -10 8.95542
87 79 25 13 10 0 -10 12.6726
88 116 25 9 10 0 -10 8.95542
89 31 27 9 10 0 -10 8.95542
90 60 37 8 10 0 -10 8.20149
91 41 1 4 13 0 -10 3.73033
92 69 25 4 11 0 -10 3.73033
93 56 1 3 13 0 -10 3.73033
94 60 58 6 6 0 -10 6.30026
95 94 62 9 2 -1 1 7.46722
96 109 58 4 3 0 -10 4.47115
97 57 48 7 9 0 -8 7.46722
98 1 15 7 11 0 -10 7.46722
99 49 48 7 9 0 -8 6.71329
100 49 15 7 11 0 -10 7.46722
101 1 49 7 9 0 -8 7.46722
102 99 47 5 10 0 -10 3.73033
103 109 13 7 11 0 -8 7.46722
104 41 38 7 10 0 -10 7.46722
105 105 47 3 10 0 -10 2.98295
106 36 1 4 13 -1 -10 2.98295
107 25 38 7 10 0 -10 6.71329
108 124 36 3 10 0 -10 2.98295
109 9 49 11 8 0 -8 11.1844
110 29 49 7 8 0 -8 7.46722
111 115 47 7 9 0 -8 7.46722
112 101 13 7 11 0 -8 7.46722
113 33 15 7 11 0 -8 7.46722
114 37 49 5 8 0 -8 4.47115
115 65 48 7 9 0 -8 6.71329
116 74 25 4 11 0 -10 3.73033
117 21 49 7 8 0 -7 7.46722
118 52 58 7 7 0 -7 6.71329
119 115 57 10 7 0 -7 9.69624
120 36 58 7 7 0 -7 6.71329
121 85 47 7 10 0 -7 6.71329
122 44 58 7 7 0 -7 6.71329
123 30 1 5 13 0 -10 4.48427
124 60 1 2 13 1 -10 3.48776
125 24 1 5 13 0 -10 4.48427
126 94 58 8 3 0 -6 7.84091
