baseline 7
atlas 64 64
32 63 53 0 0 0 0 2.2382
33 44 47 2 6 0 -6 2.2382
34 45 54 3 3 0 -6 2.8597
35 40 10 5 7 0 -6 4.48033
36 10 1 5 8 0 -7 4.48033
37 46 1 7 7 0 -6 7.16302
38 8 10 6 7 0 -6 5.37325
39 34 59 2 3 0 -6 1.53802
40 28 1 3 8 0 -6 2.68269
41 16 1 3 8 0 -6 2.68269
42 45 58 3 3 0 -6 3.13505
43 58 47 5 5 0 -5 4.70455
44 37 59 2 3 0 -1 2.2382
45 40 59 3 2 0 -3 2.68269
46 58 59 2 1 0 -1 2.2382
47 48 25 3 7 0 -6 2.2382
48 13 18 5 7 0 -6 4.48033
49 22 47 4 6 0 -6 4.48033
50 55 40 5 6 0 -6 4.48033
51 34 10 5 7 0 -6 4.48033
52 19 40 5 6 0 -6 4.48033
53 46 17 5 7 0 -6 4.48033
54 52 17 5 7 0 -6 4.48033
55 7 40 5 6 0 -6 4.48033
56 1 18 5 7 0 -6 4.48033
57 7 18 5 7 0 -6 4.48033
58 31 54 2 5 0 -5 2.2382
59 56 25 2 7 0 -5 2.2382
60 57 53 5 5 0 -5 4.70455
61 34 54 5 4 0 -5 4.70455
62 1 54 5 5 0 -5 4.70455
63 56 33 5 6 0 -6 4.48033
64 1 1 8 8 0 -6 8.17789
65 18 26 7 6 -1 -6 5.37325
66 31 40 5 6 0 -6 5.37325
67 46 9 6 7 0 -6 5.81775
68 43 33 6 6 0 -6 5.81775
69 50 33 5 6 0 -6 5.37325
70 1 40 5 6 0 -6 4.92089
71 54 1 6 7 0 -6 6.26617
72 33 26 6 6 0 -6 5.81775
73 61 40 2 6 0 -6 2.2382
74 19 18 4 7 0 -6 4.02797
75 15 33 6 6 0 -6 5.37325
76 25 40 5 6 0 -6 4.48033
77 10 26 7 6 0 -6 6.71066
78 29 33 6 6 0 -6 5.81775
79 15 10 6 7 0 -6 6.26617
80 36 33 6 6 0 -6 5.37325
81 1 10 6 7 0 -6 6.26617
82 26 26 6 6 0 -6 5.81775
83 58 17 5 7 0 -6 5.37325
84 13 40 5 6 0 -6 4.92089
85 53 9 6 7 0 -6 5.81775
86 22 33 6 6 0 -6 5.37325
87 1 26 8 6 0 -6 7.60358
88 8 33 6 6 0 -6 5.37325
89 1 33 6 6 0 -6 5.37325
90 49 40 5 6 0 -6 4.92089
91 20 1 3 8 0 -6 2.2382
92 52 25 3 7 0 -6 2.2382
93 43 1 2 8 0 -6 2.2382
94 40 54 4 4 0 -6 3.78016
95 1 60 6 1 -1 1 4.48033
96 55 59 2 2 0 -6 2.68269
97 37 40 5 6 0 -5 4.48033
98 22 10 5 7 0 -6 4.48033
99 32 47 4 6 0 -5 4.02797
100 24 18 4 7 0 -6 4.48033
101 43 40 5 6 0 -5 4.48033
102 37 47 3 6 0 -6 2.2382
103 39 18 4 7 0 -5 4.48033
104 27 47 4 6 0 -6 4.48033
105 41 47 2 6 0 -6 1.78977
106 32 1 3 8 -1 -6 1.78977
107 7 47 4 6 0 -6 4.02797
108 47 47 2 6 0 -6 1.78977
109 50 47 7 5 0 -5 6.71066
110 17 54 4 5 0 -5 4.48033
111 1 47 5 6 0 -5 4.48033
112 28 10 5 7 0 -5 4.48033
113 29 18 4 7 0 -5 4.48033
114 27 54 3 5 0 -5 2.68269
115 17 47 4 6 0 -5 4.02797
116 44 25 3 7 0 -6 2.2382
117 12 47 4 6 0 -5 4.48033
118 12 54 4 5 0 -5 4.02797
119 50 53 6 5 0 -5 5.81775
120 7 54 4 5 0 -5 4.02797
121 34 18 4 7 0 -5 4.02797
122 22 54 4 5 0 -5 4.02797
123 36 1 3 8 0 -6 2.69056
124 40 1 2 8 0 -6 2.09266
125 24 1 3 8 0 -6 2.69056
126 49 59 5 2 0 -4 4.70455
